Date Rice Gym Waist.AM Waist.PM Chest.AM Chest.PM Hip.AM Hip.PM Weight.AM Weight.PM Fat.L Fat.R
10/27/14 No No 34.1875 35 35.1875 36 37.375 37 168 168.4 10 15
10/28/14 No No NA 35.125 NA 35.75 NA 37.4375 NA 167.2 9 15
10/29/14 No No 34.3125 35 35.4375 36.125 37.375 37.4375 165.8 166.6 8 15
10/30/14 No No 34.4375 35.1875 35.5 36 37.3125 37.5625 164.8 166.8 10 15
10/31/14 No No 34.1875 34.875 35.625 36.125 37.4375 37.5 165.2 166.4 9 16
11/1/14 No No NA 35.1875 NA 35.5 NA 37.5 NA 167 10 16
11/2/14 No No NA 35.125 NA 36 NA 37.5625 NA 167.4 10 18
11/3/14 Yes Yes 34.25 35.0625 35.125 35.375 37.3125 37.375 165.2 167.4 10 18
11/4/14 Yes Yes 34.5 35 35.75 35.9375 37.375 37.5 164 168.6 11 15
11/5/14 Yes Yes 34.625 35.3125 35.5 36.4375 37.5 37.5625 167.2 169.2 10 18
11/6/14 Yes Yes 34.625 35.375 36 36.125 37.4375 37.6875 168 170 10 18
11/7/14 Yes Yes 34.6875 35.5 35.9375 36.1875 37.5625 37.625 168 169.6 11 18
11/8/14 Yes Yes 34.5625 35.125 35.625 35.625 37.5625 37.75 168.2 171.2 12 15
11/9/14 Yes Yes 34.625 35.125 35.9375 35.75 37.5625 37.75 169.4 169.4 12 18
11/10/14 No Yes 34.625 35.375 35.8125 35.5625 37.5625 37.75 168.8 168.6 10 18
11/11/14 No Yes 34.5625 35.25 35.75 35.9375 37.5625 37.5625 167.8 168 10 15
11/12/14 No Yes NA 35.0625 NA 35.75 NA 37.5 NA 167.2 10 18
11/13/14 No Yes NA 35.125 NA 35.75 NA 37.375 NA 167.2 10 18
11/14/14 No Yes 34.3125 35.0 35.375 35.5 37.4375 37.5 166.2 167.8 10 15
11/15/14 No Yes NA 35.0625 NA 35.125 NA 37.875 NA 170.6 NA NA
11/16/14 No Yes 34.5 35.0625 34.875 35.625 37.5 37.4375 167 168.2 10 18
11/17/14 Yes No 34.3125 35.4375 35.3125 35.625 37.3125 37.625 165.8 170.2 11 18
11/18/14 Yes No 34.375 34.9375 35.3125 35.9375 37.4375 37.6875 165.6 168.8 10 18
11/19/14 Yes No NA 35.1875 NA 36.0625 NA 37.625 NA 170.4 12 18
11/20/14 Yes No NA 35.0 NA 36.0 NA 37.5625 NA 168.4 11 18
11/21/14 Yes No 34.25 35.125 35.25 36.0625 37.3125 37.5 166.4 169.2 10 18
11/22/14 Yes No 34.25 35.0 35.125 35.625 37.375 37.375 166.6 169.4 11 18
11/23/14 Yes No 34.125 35.0625 35.25 35.9375 37.4375 37.5625 167.2 169.6 12 20
